234699
234700
234701
234702
234703
234704
234705
234706
234707
234708
234709
234710
234711
234712
234713
234714
234715
234716
234717
234718
234719
234720
234721
234722
234723
234724
234725
234726
234727
234728
234729
234730
234731
234732
234733
234734
234735
234736
234737
234738
234739
234740
234741
234742
234743
234744
234745
234746
234747
234748
234749
234750
234751
234752
234753
234754
234755
234756
234757
234758
234759
234760
234761
234762
234763
234764
234765
234766
234767
234768
234769
234770
234771
234772
234773
234774
234775
234776
234777
234778
234779
234780
234781
234782
234783
234784
234785
234786
234787
234788
234789
234790
234791
234792
234793
234794
234795
234796
234797
234798
490699
490700
490701
490702
490703
490704
490705
490706
490707
490708
490709
490710
490711
490712
490713
490714
490715
490716
490717
490718
490719
490720
490721
490722
490723
490724
490725
490726
490727
490728
490729
490730
490731
490732
490733
490734
490735
490736
490737
490738
490739
490740
490741
490742
490743
490744
490745
490746
490747
490748
490749
490750
490751
490752
490753
490754
490755
490756
490757
490758
490759
490760
490761
490762
490763
490764
490765
490766
490767
490768
490769
490770
490771
490772
490773
490774
490775
490776
490777
490778
490779
490780
490781
490782
490783
490784
490785
490786
490787
490788
490789
490790
490791
490792
490793
490794
490795
490796
490797
490798
746699
746700
746701
746702
746703
746704
746705
746706
746707
746708
746709
746710
746711
746712
746713
746714
746715
746716
746717
746718
746719
746720
746721
746722
746723
746724
746725
746726
746727
746728
746729
746730
746731
746732
746733
746734
746735
746736
746737
746738
746739
746740
746741
746742
746743
746744
746745
746746
746747
746748
746749
746750
746751
746752
746753
746754
746755
746756
746757
746758
746759
746760
746761
746762
746763
746764
746765
746766
746767
746768
746769
746770
746771
746772
746773
746774
746775
746776
746777
746778
746779
746780
746781
746782
746783
746784
746785
746786
746787
746788
746789
746790
746791
746792
746793
746794
746795
746796
746797
746798
1002699
1002700
1002701
1002702
1002703
1002704
1002705
1002706
1002707
1002708
1002709
1002710
1002711
1002712
1002713
1002714
1002715
1002716
1002717
1002718
1002719
1002720
1002721
1002722
1002723
1002724
1002725
1002726
1002727
1002728
1002729
1002730
1002731
1002732
1002733
1002734
1002735
1002736
1002737
1002738
1002739
1002740
1002741
1002742
1002743
1002744
1002745
1002746
1002747
1002748
1002749
1002750
1002751
1002752
1002753
1002754
1002755
1002756
1002757
1002758
1002759
1002760
1002761
1002762
1002763
1002764
1002765
1002766
1002767
1002768
1002769
1002770
1002771
1002772
1002773
1002774
1002775
1002776
1002777
1002778
1002779
1002780
1002781
1002782
1002783
1002784
1002785
1002786
1002787
1002788
1002789
1002790
1002791
1002792
1002793
1002794
1002795
1002796
1002797
1002798
1258699
1258700
1258701
1258702
1258703
1258704
1258705
1258706
1258707
1258708
1258709
1258710
1258711
1258712
1258713
1258714
1258715
1258716
1258717
1258718
1258719
1258720
1258721
1258722
1258723
1258724
1258725
1258726
1258727
1258728
1258729
1258730
1258731
1258732
1258733
1258734
1258735
1258736
1258737
1258738
1258739
1258740
1258741
1258742
1258743
1258744
1258745
1258746
1258747
1258748
1258749
1258750
1258751
1258752
1258753
1258754
1258755
1258756
1258757
1258758
1258759
1258760
1258761
1258762
1258763
1258764
1258765
1258766
1258767
1258768
1258769
1258770
1258771
1258772
1258773
1258774
1258775
1258776
1258777
1258778
1258779
1258780
1258781
1258782
1258783
1258784
1258785
1258786
1258787
1258788
1258789
1258790
1258791
1258792
1258793
1258794
1258795
1258796
1258797
1258798
1514699
1514700
1514701
1514702
1514703
1514704
1514705
1514706
1514707
1514708
1514709
1514710
1514711
1514712
1514713
1514714
1514715
1514716
1514717
1514718
1514719
1514720
1514721
1514722
1514723
1514724
1514725
1514726
1514727
1514728
1514729
1514730
1514731
1514732
1514733
1514734
1514735
1514736
1514737
1514738
1514739
1514740
1514741
1514742
1514743
1514744
1514745
1514746
1514747
1514748
1514749
1514750
1514751
1514752
1514753
1514754
1514755
1514756
1514757
1514758
1514759
1514760
1514761
1514762
1514763
1514764
1514765
1514766
1514767
1514768
1514769
1514770
1514771
1514772
1514773
1514774
1514775
1514776
1514777
1514778
1514779
1514780
1514781
1514782
1514783
1514784
1514785
1514786
1514787
1514788
1514789
1514790
1514791
1514792
1514793
1514794
1514795
1514796
1514797
1514798
1770699
1770700
1770701
1770702
1770703
1770704
1770705
1770706
1770707
1770708
1770709
1770710
1770711
1770712
1770713
1770714
1770715
1770716
1770717
1770718
1770719
1770720
1770721
1770722
1770723
1770724
1770725
1770726
1770727
1770728
1770729
1770730
1770731
1770732
1770733
1770734
1770735
1770736
1770737
1770738
1770739
1770740
1770741
1770742
1770743
1770744
1770745
1770746
1770747
1770748
1770749
1770750
1770751
1770752
1770753
1770754
1770755
1770756
1770757
1770758
1770759
1770760
1770761
1770762
1770763
1770764
1770765
1770766
1770767
1770768
1770769
1770770
1770771
1770772
1770773
1770774
1770775
1770776
1770777
1770778
1770779
1770780
1770781
1770782
1770783
1770784
1770785
1770786
1770787
1770788
1770789
1770790
1770791
1770792
1770793
1770794
1770795
1770796
1770797
1770798
2026699
2026700
2026701
2026702
2026703
2026704
2026705
2026706
2026707
2026708
2026709
2026710
2026711
2026712
2026713
2026714
2026715
2026716
2026717
2026718
2026719
2026720
2026721
2026722
2026723
2026724
2026725
2026726
2026727
2026728
2026729
2026730
2026731
2026732
2026733
2026734
2026735
2026736
2026737
2026738
2026739
2026740
2026741
2026742
2026743
2026744
2026745
2026746
2026747
2026748
2026749
2026750
2026751
2026752
2026753
2026754
2026755
2026756
2026757
2026758
2026759
2026760
2026761
2026762
2026763
2026764
2026765
2026766
2026767
2026768
2026769
2026770
2026771
2026772
2026773
2026774
2026775
2026776
2026777
2026778
2026779
2026780
2026781
2026782
2026783
2026784
2026785
2026786
2026787
2026788
2026789
2026790
2026791
2026792
2026793
2026794
2026795
2026796
2026797
2026798
2282699
2282700
2282701
2282702
2282703
2282704
2282705
2282706
2282707
2282708
2282709
2282710
2282711
2282712
2282713
2282714
2282715
2282716
2282717
2282718
2282719
2282720
2282721
2282722
2282723
2282724
2282725
2282726
2282727
2282728
2282729
2282730
2282731
2282732
2282733
2282734
2282735
2282736
2282737
2282738
2282739
2282740
2282741
2282742
2282743
2282744
2282745
2282746
2282747
2282748
2282749
2282750
2282751
2282752
2282753
2282754
2282755
2282756
2282757
2282758
2282759
2282760
2282761
2282762
2282763
2282764
2282765
2282766
2282767
2282768
2282769
2282770
2282771
2282772
2282773
2282774
2282775
2282776
2282777
2282778
2282779
2282780
2282781
2282782
2282783
2282784
2282785
2282786
2282787
2282788
2282789
2282790
2282791
2282792
2282793
2282794
2282795
2282796
2282797
2282798
2538699
2538700
2538701
2538702
2538703
2538704
2538705
2538706
2538707
2538708
2538709
2538710
2538711
2538712
2538713
2538714
2538715
2538716
2538717
2538718
2538719
2538720
2538721
2538722
2538723
2538724
2538725
2538726
2538727
2538728
2538729
2538730
2538731
2538732
2538733
2538734
2538735
2538736
2538737
2538738
2538739
2538740
2538741
2538742
2538743
2538744
2538745
2538746
2538747
2538748
2538749
2538750
2538751
2538752
2538753
2538754
2538755
2538756
2538757
2538758
2538759
2538760
2538761
2538762
2538763
2538764
2538765
2538766
2538767
2538768
2538769
2538770
2538771
2538772
2538773
2538774
2538775
2538776
2538777
2538778
2538779
2538780
2538781
2538782
2538783
2538784
2538785
2538786
2538787
2538788
2538789
2538790
2538791
2538792
2538793
2538794
2538795
2538796
2538797
2538798
2794699
2794700
2794701
2794702
2794703
2794704
2794705
2794706
2794707
2794708
2794709
2794710
2794711
2794712
2794713
2794714
2794715
2794716
2794717
2794718
2794719
2794720
2794721
2794722
2794723
2794724
2794725
2794726
2794727
2794728
2794729
2794730
2794731
2794732
2794733
2794734
2794735
2794736
2794737
2794738
2794739
2794740
2794741
2794742
2794743
2794744
2794745
2794746
2794747
2794748
2794749
2794750
2794751
2794752
2794753
2794754
2794755
2794756
2794757
2794758
2794759
2794760
2794761
2794762
2794763
2794764
2794765
2794766
2794767
2794768
2794769
2794770
2794771
2794772
2794773
2794774
2794775
2794776
2794777
2794778
2794779
2794780
2794781
2794782
2794783
2794784
2794785
2794786
2794787
2794788
2794789
2794790
2794791
2794792
2794793
2794794
2794795
2794796
2794797
2794798
3050699
3050700
3050701
3050702
3050703
3050704
3050705
3050706
3050707
3050708
3050709
3050710
3050711
3050712
3050713
3050714
3050715
3050716
3050717
3050718
3050719
3050720
3050721
3050722
3050723
3050724
3050725
3050726
3050727
3050728
3050729
3050730
3050731
3050732
3050733
3050734
3050735
3050736
3050737
3050738
3050739
3050740
3050741
3050742
3050743
3050744
3050745
3050746
3050747
3050748
3050749
3050750
3050751
3050752
3050753
3050754
3050755
3050756
3050757
3050758
3050759
3050760
3050761
3050762
3050763
3050764
3050765
3050766
3050767
3050768
3050769
3050770
3050771
3050772
3050773
3050774
3050775
3050776
3050777
3050778
3050779
3050780
3050781
3050782
3050783
3050784
3050785
3050786
3050787
3050788
3050789
3050790
3050791
3050792
3050793
3050794
3050795
3050796
3050797
3050798
3306699
3306700
3306701
3306702
3306703
3306704
3306705
3306706
3306707
3306708
3306709
3306710
3306711
3306712
3306713
3306714
3306715
3306716
3306717
3306718
3306719
3306720
3306721
3306722
3306723
3306724
3306725
3306726
3306727
3306728
3306729
3306730
3306731
3306732
3306733
3306734
3306735
3306736
3306737
3306738
3306739
3306740
3306741
3306742
3306743
3306744
3306745
3306746
3306747
3306748
3306749
3306750
3306751
3306752
3306753
3306754
3306755
3306756
3306757
3306758
3306759
3306760
3306761
3306762
3306763
3306764
3306765
3306766
3306767
3306768
3306769
3306770
3306771
3306772
3306773
3306774
3306775
3306776
3306777
3306778
3306779
3306780
3306781
3306782
3306783
3306784
3306785
3306786
3306787
3306788
3306789
3306790
3306791
3306792
3306793
3306794
3306795
3306796
3306797
3306798
3562699
3562700
3562701
3562702
3562703
3562704
3562705
3562706
3562707
3562708
3562709
3562710
3562711
3562712
3562713
3562714
3562715
3562716
3562717
3562718
3562719
3562720
3562721
3562722
3562723
3562724
3562725
3562726
3562727
3562728
3562729
3562730
3562731
3562732
3562733
3562734
3562735
3562736
3562737
3562738
3562739
3562740
3562741
3562742
3562743
3562744
3562745
3562746
3562747
3562748
3562749
3562750
3562751
3562752
3562753
3562754
3562755
3562756
3562757
3562758
3562759
3562760
3562761
3562762
3562763
3562764
3562765
3562766
3562767
3562768
3562769
3562770
3562771
3562772
3562773
3562774
3562775
3562776
3562777
3562778
3562779
3562780
3562781
3562782
3562783
3562784
3562785
3562786
3562787
3562788
3562789
3562790
3562791
3562792
3562793
3562794
3562795
3562796
3562797
3562798
3818699
3818700
3818701
3818702
3818703
3818704
3818705
3818706
3818707
3818708
3818709
3818710
3818711
3818712
3818713
3818714
3818715
3818716
3818717
3818718
3818719
3818720
3818721
3818722
3818723
3818724
3818725
3818726
3818727
3818728
3818729
3818730
3818731
3818732
3818733
3818734
3818735
3818736
3818737
3818738
3818739
3818740
3818741
3818742
3818743
3818744
3818745
3818746
3818747
3818748
3818749
3818750
3818751
3818752
3818753
3818754
3818755
3818756
3818757
3818758
3818759
3818760
3818761
3818762
3818763
3818764
3818765
3818766
3818767
3818768
3818769
3818770
3818771
3818772
3818773
3818774
3818775
3818776
3818777
3818778
3818779
3818780
3818781
3818782
3818783
3818784
3818785
3818786
3818787
3818788
3818789
3818790
3818791
3818792
3818793
3818794
3818795
3818796
3818797
3818798
4074699
4074700
4074701
4074702
4074703
4074704
4074705
4074706
4074707
4074708
4074709
4074710
4074711
4074712
4074713
4074714
4074715
4074716
4074717
4074718
4074719
4074720
4074721
4074722
4074723
4074724
4074725
4074726
4074727
4074728
4074729
4074730
4074731
4074732
4074733
4074734
4074735
4074736
4074737
4074738
4074739
4074740
4074741
4074742
4074743
4074744
4074745
4074746
4074747
4074748
4074749
4074750
4074751
4074752
4074753
4074754
4074755
4074756
4074757
4074758
4074759
4074760
4074761
4074762
4074763
4074764
4074765
4074766
4074767
4074768
4074769
4074770
4074771
4074772
4074773
4074774
4074775
4074776
4074777
4074778
4074779
4074780
4074781
4074782
4074783
4074784
4074785
4074786
4074787
4074788
4074789
4074790
4074791
4074792
4074793
4074794
4074795
4074796
4074797
4074798
4330699
4330700
4330701
4330702
4330703
4330704
4330705
4330706
4330707
4330708
4330709
4330710
4330711
4330712
4330713
4330714
4330715
4330716
4330717
4330718
4330719
4330720
4330721
4330722
4330723
4330724
4330725
4330726
4330727
4330728
4330729
4330730
4330731
4330732
4330733
4330734
4330735
4330736
4330737
4330738
4330739
4330740
4330741
4330742
4330743
4330744
4330745
4330746
4330747
4330748
4330749
4330750
4330751
4330752
4330753
4330754
4330755
4330756
4330757
4330758
4330759
4330760
4330761
4330762
4330763
4330764
4330765
4330766
4330767
4330768
4330769
4330770
4330771
4330772
4330773
4330774
4330775
4330776
4330777
4330778
4330779
4330780
4330781
4330782
4330783
4330784
4330785
4330786
4330787
4330788
4330789
4330790
4330791
4330792
4330793
4330794
4330795
4330796
4330797
4330798
4586699
4586700
4586701
4586702
4586703
4586704
4586705
4586706
4586707
4586708
4586709
4586710
4586711
4586712
4586713
4586714
4586715
4586716
4586717
4586718
4586719
4586720
4586721
4586722
4586723
4586724
4586725
4586726
4586727
4586728
4586729
4586730
4586731
4586732
4586733
4586734
4586735
4586736
4586737
4586738
4586739
4586740
4586741
4586742
4586743
4586744
4586745
4586746
4586747
4586748
4586749
4586750
4586751
4586752
4586753
4586754
4586755
4586756
4586757
4586758
4586759
4586760
4586761
4586762
4586763
4586764
4586765
4586766
4586767
4586768
4586769
4586770
4586771
4586772
4586773
4586774
4586775
4586776
4586777
4586778
4586779
4586780
4586781
4586782
4586783
4586784
4586785
4586786
4586787
4586788
4586789
4586790
4586791
4586792
4586793
4586794
4586795
4586796
4586797
4586798
4842699
4842700
4842701
4842702
4842703
4842704
4842705
4842706
4842707
4842708
4842709
4842710
4842711
4842712
4842713
4842714
4842715
4842716
4842717
4842718
4842719
4842720
4842721
4842722
4842723
4842724
4842725
4842726
4842727
4842728
4842729
4842730
4842731
4842732
4842733
4842734
4842735
4842736
4842737
4842738
4842739
4842740
4842741
4842742
4842743
4842744
4842745
4842746
4842747
4842748
4842749
4842750
4842751
4842752
4842753
4842754
4842755
4842756
4842757
4842758
4842759
4842760
4842761
4842762
4842763
4842764
4842765
4842766
4842767
4842768
4842769
4842770
4842771
4842772
4842773
4842774
4842775
4842776
4842777
4842778
4842779
4842780
4842781
4842782
4842783
4842784
4842785
4842786
4842787
4842788
4842789
4842790
4842791
4842792
4842793
4842794
4842795
4842796
4842797
4842798
5098699
5098700
5098701
5098702
5098703
5098704
5098705
5098706
5098707
5098708
5098709
5098710
5098711
5098712
5098713
5098714
5098715
5098716
5098717
5098718
5098719
5098720
5098721
5098722
5098723
5098724
5098725
5098726
5098727
5098728
5098729
5098730
5098731
5098732
5098733
5098734
5098735
5098736
5098737
5098738
5098739
5098740
5098741
5098742
5098743
5098744
5098745
5098746
5098747
5098748
5098749
5098750
5098751
5098752
5098753
5098754
5098755
5098756
5098757
5098758
5098759
5098760
5098761
5098762
5098763
5098764
5098765
5098766
5098767
5098768
5098769
5098770
5098771
5098772
5098773
5098774
5098775
5098776
5098777
5098778
5098779
5098780
5098781
5098782
5098783
5098784
5098785
5098786
5098787
5098788
5098789
5098790
5098791
5098792
5098793
5098794
5098795
5098796
5098797
5098798
5354699
5354700
5354701
5354702
5354703
5354704
5354705
5354706
5354707
5354708
5354709
5354710
5354711
5354712
5354713
5354714
5354715
5354716
5354717
5354718
5354719
5354720
5354721
5354722
5354723
5354724
5354725
5354726
5354727
5354728
5354729
5354730
5354731
5354732
5354733
5354734
5354735
5354736
5354737
5354738
5354739
5354740
5354741
5354742
5354743
5354744
5354745
5354746
5354747
5354748
5354749
5354750
5354751
5354752
5354753
5354754
5354755
5354756
5354757
5354758
5354759
5354760
5354761
5354762
5354763
5354764
5354765
5354766
5354767
5354768
5354769
5354770
5354771
5354772
5354773
5354774
5354775
5354776
5354777
5354778
5354779
5354780
5354781
5354782
5354783
5354784
5354785
5354786
5354787
5354788
5354789
5354790
5354791
5354792
5354793
5354794
5354795
5354796
5354797
5354798
5610699
5610700
5610701
5610702
5610703
5610704
5610705
5610706
5610707
5610708
5610709
5610710
5610711
5610712
5610713
5610714
5610715
5610716
5610717
5610718
5610719
5610720
5610721
5610722
5610723
5610724
5610725
5610726
5610727
5610728
5610729
5610730
5610731
5610732
5610733
5610734
5610735
5610736
5610737
5610738
5610739
5610740
5610741
5610742
5610743
5610744
5610745
5610746
5610747
5610748
5610749
5610750
5610751
5610752
5610753
5610754
5610755
5610756
5610757
5610758
5610759
5610760
5610761
5610762
5610763
5610764
5610765
5610766
5610767
5610768
5610769
5610770
5610771
5610772
5610773
5610774
5610775
5610776
5610777
5610778
5610779
5610780
5610781
5610782
5610783
5610784
5610785
5610786
5610787
5610788
5610789
5610790
5610791
5610792
5610793
5610794
5610795
5610796
5610797
5610798
5866699
5866700
5866701
5866702
5866703
5866704
5866705
5866706
5866707
5866708
5866709
5866710
5866711
5866712
5866713
5866714
5866715
5866716
5866717
5866718
5866719
5866720
5866721
5866722
5866723
5866724
5866725
5866726
5866727
5866728
5866729
5866730
5866731
5866732
5866733
5866734
5866735
5866736
5866737
5866738
5866739
5866740
5866741
5866742
5866743
5866744
5866745
5866746
5866747
5866748
5866749
5866750
5866751
5866752
5866753
5866754
5866755
5866756
5866757
5866758
5866759
5866760
5866761
5866762
5866763
5866764
5866765
5866766
5866767
5866768
5866769
5866770
5866771
5866772
5866773
5866774
5866775
5866776
5866777
5866778
5866779
5866780
5866781
5866782
5866783
5866784
5866785
5866786
5866787
5866788
5866789
5866790
5866791
5866792
5866793
5866794
5866795
5866796
5866797
5866798
6122699
6122700
6122701
6122702
6122703
6122704
6122705
6122706
6122707
6122708
6122709
6122710
6122711
6122712
6122713
6122714
6122715
6122716
6122717
6122718
6122719
6122720
6122721
6122722
6122723
6122724
6122725
6122726
6122727
6122728
6122729
6122730
6122731
6122732
6122733
6122734
6122735
6122736
6122737
6122738
6122739
6122740
6122741
6122742
6122743
6122744
6122745
6122746
6122747
6122748
6122749
6122750
6122751
6122752
6122753
6122754
6122755
6122756
6122757
6122758
6122759
6122760
6122761
6122762
6122763
6122764
6122765
6122766
6122767
6122768
6122769
6122770
6122771
6122772
6122773
6122774
6122775
6122776
6122777
6122778
6122779
6122780
6122781
6122782
6122783
6122784
6122785
6122786
6122787
6122788
6122789
6122790
6122791
6122792
6122793
6122794
6122795
6122796
6122797
6122798
6378699
6378700
6378701
6378702
6378703
6378704
6378705
6378706
6378707
6378708
6378709
6378710
6378711
6378712
6378713
6378714
6378715
6378716
6378717
6378718
6378719
6378720
6378721
6378722
6378723
6378724
6378725
6378726
6378727
6378728
6378729
6378730
6378731
6378732
6378733
6378734
6378735
6378736
6378737
6378738
6378739
6378740
6378741
6378742
6378743
6378744
6378745
6378746
6378747
6378748
6378749
6378750
6378751
6378752
6378753
6378754
6378755
6378756
6378757
6378758
6378759
6378760
6378761
6378762
6378763
6378764
6378765
6378766
6378767
6378768
6378769
6378770
6378771
6378772
6378773
6378774
6378775
6378776
6378777
6378778
6378779
6378780
6378781
6378782
6378783
6378784
6378785
6378786
6378787
6378788
6378789
6378790
6378791
6378792
6378793
6378794
6378795
6378796
6378797
6378798
6634699
6634700
6634701
6634702
6634703
6634704
6634705
6634706
6634707
6634708
6634709
6634710
6634711
6634712
6634713
6634714
6634715
6634716
6634717
6634718
6634719
6634720
6634721
6634722
6634723
6634724
6634725
6634726
6634727
6634728
6634729
6634730
6634731
6634732
6634733
6634734
6634735
6634736
6634737
6634738
6634739
6634740
6634741
6634742
6634743
6634744
6634745
6634746
6634747
6634748
6634749
6634750
6634751
6634752
6634753
6634754
6634755
6634756
6634757
6634758
6634759
6634760
6634761
6634762
6634763
6634764
6634765
6634766
6634767
6634768
6634769
6634770
6634771
6634772
6634773
6634774
6634775
6634776
6634777
6634778
6634779
6634780
6634781
6634782
6634783
6634784
6634785
6634786
6634787
6634788
6634789
6634790
6634791
6634792
6634793
6634794
6634795
6634796
6634797
6634798
6890699
6890700
6890701
6890702
6890703
6890704
6890705
6890706
6890707
6890708
6890709
6890710
6890711
6890712
6890713
6890714
6890715
6890716
6890717
6890718
6890719
6890720
6890721
6890722
6890723
6890724
6890725
6890726
6890727
6890728
6890729
6890730
6890731
6890732
6890733
6890734
6890735
6890736
6890737
6890738
6890739
6890740
6890741
6890742
6890743
6890744
6890745
6890746
6890747
6890748
6890749
6890750
6890751
6890752
6890753
6890754
6890755
6890756
6890757
6890758
6890759
6890760
6890761
6890762
6890763
6890764
6890765
6890766
6890767
6890768
6890769
6890770
6890771
6890772
6890773
6890774
6890775
6890776
6890777
6890778
6890779
6890780
6890781
6890782
6890783
6890784
6890785
6890786
6890787
6890788
6890789
6890790
6890791
6890792
6890793
6890794
6890795
6890796
6890797
6890798
7146699
7146700
7146701
7146702
7146703
7146704
7146705
7146706
7146707
7146708
7146709
7146710
7146711
7146712
7146713
7146714
7146715
7146716
7146717
7146718
7146719
7146720
7146721
7146722
7146723
7146724
7146725
7146726
7146727
7146728
7146729
7146730
7146731
7146732
7146733
7146734
7146735
7146736
7146737
7146738
7146739
7146740
7146741
7146742
7146743
7146744
7146745
7146746
7146747
7146748
7146749
7146750
7146751
7146752
7146753
7146754
7146755
7146756
7146757
7146758
7146759
7146760
7146761
7146762
7146763
7146764
7146765
7146766
7146767
7146768
7146769
7146770
7146771
7146772
7146773
7146774
7146775
7146776
7146777
7146778
7146779
7146780
7146781
7146782
7146783
7146784
7146785
7146786
7146787
7146788
7146789
7146790
7146791
7146792
7146793
7146794
7146795
7146796
7146797
7146798
7402699
7402700
7402701
7402702
7402703
7402704
7402705
7402706
7402707
7402708
7402709
7402710
7402711
7402712
7402713
7402714
7402715
7402716
7402717
7402718
7402719
7402720
7402721
7402722
7402723
7402724
7402725
7402726
7402727
7402728
7402729
7402730
7402731
7402732
7402733
7402734
7402735
7402736
7402737
7402738
7402739
7402740
7402741
7402742
7402743
7402744
7402745
7402746
7402747
7402748
7402749
7402750
7402751
7402752
7402753
7402754
7402755
7402756
7402757
7402758
7402759
7402760
7402761
7402762
7402763
7402764
7402765
7402766
7402767
7402768
7402769
7402770
7402771
7402772
7402773
7402774
7402775
7402776
7402777
7402778
7402779
7402780
7402781
7402782
7402783
7402784
7402785
7402786
7402787
7402788
7402789
7402790
7402791
7402792
7402793
7402794
7402795
7402796
7402797
7402798
7658699
7658700
7658701
7658702
7658703
7658704
7658705
7658706
7658707
7658708
7658709
7658710
7658711
7658712
7658713
7658714
7658715
7658716
7658717
7658718
7658719
7658720
7658721
7658722
7658723
7658724
7658725
7658726
7658727
7658728
7658729
7658730
7658731
7658732
7658733
7658734
7658735
7658736
7658737
7658738
7658739
7658740
7658741
7658742
7658743
7658744
7658745
7658746
7658747
7658748
7658749
7658750
7658751
7658752
7658753
7658754
7658755
7658756
7658757
7658758
7658759
7658760
7658761
7658762
7658763
7658764
7658765
7658766
7658767
7658768
7658769
7658770
7658771
7658772
7658773
7658774
7658775
7658776
7658777
7658778
7658779
7658780
7658781
7658782
7658783
7658784
7658785
7658786
7658787
7658788
7658789
7658790
7658791
7658792
7658793
7658794
7658795
7658796
7658797
7658798
7914699
7914700
7914701
7914702
7914703
7914704
7914705
7914706
7914707
7914708
7914709
7914710
7914711
7914712
7914713
7914714
7914715
7914716
7914717
7914718
7914719
7914720
7914721
7914722
7914723
7914724
7914725
7914726
7914727
7914728
7914729
7914730
7914731
7914732
7914733
7914734
7914735
7914736
7914737
7914738
7914739
7914740
7914741
7914742
7914743
7914744
7914745
7914746
7914747
7914748
7914749
7914750
7914751
7914752
7914753
7914754
7914755
7914756
7914757
7914758
7914759
7914760
7914761
7914762
7914763
7914764
7914765
7914766
7914767
7914768
7914769
7914770
7914771
7914772
7914773
7914774
7914775
7914776
7914777
7914778
7914779
7914780
7914781
7914782
7914783
7914784
7914785
7914786
7914787
7914788
7914789
7914790
7914791
7914792
7914793
7914794
7914795
7914796
7914797
7914798
8170699
8170700
8170701
8170702
8170703
8170704
8170705
8170706
8170707
8170708
8170709
8170710
8170711
8170712
8170713
8170714
8170715
8170716
8170717
8170718
8170719
8170720
8170721
8170722
8170723
8170724
8170725
8170726
8170727
8170728
8170729
8170730
8170731
8170732
8170733
8170734
8170735
8170736
8170737
8170738
8170739
8170740
8170741
8170742
8170743
8170744
8170745
8170746
8170747
8170748
8170749
8170750
8170751
8170752
8170753
8170754
8170755
8170756
8170757
8170758
8170759
8170760
8170761
8170762
8170763
8170764
8170765
8170766
8170767
8170768
8170769
8170770
8170771
8170772
8170773
8170774
8170775
8170776
8170777
8170778
8170779
8170780
8170781
8170782
8170783
8170784
8170785
8170786
8170787
8170788
8170789
8170790
8170791
8170792
8170793
8170794
8170795
8170796
8170797
8170798
8426699
8426700
8426701
8426702
8426703
8426704
8426705
8426706
8426707
8426708
8426709
8426710
8426711
8426712
8426713
8426714
8426715
8426716
8426717
8426718
8426719
8426720
8426721
8426722
8426723
8426724
8426725
8426726
8426727
8426728
8426729
8426730
8426731
8426732
8426733
8426734
8426735
8426736
8426737
8426738
8426739
8426740
8426741
8426742
8426743
8426744
8426745
8426746
8426747
8426748
8426749
8426750
8426751
8426752
8426753
8426754
8426755
8426756
8426757
8426758
8426759
8426760
8426761
8426762
8426763
8426764
8426765
8426766
8426767
8426768
8426769
8426770
8426771
8426772
8426773
8426774
8426775
8426776
8426777
8426778
8426779
8426780
8426781
8426782
8426783
8426784
8426785
8426786
8426787
8426788
8426789
8426790
8426791
8426792
8426793
8426794
8426795
8426796
8426797
8426798
8682699
8682700
8682701
8682702
8682703
8682704
8682705
8682706
8682707
8682708
8682709
8682710
8682711
8682712
8682713
8682714
8682715
8682716
8682717
8682718
8682719
8682720
8682721
8682722
8682723
8682724
8682725
8682726
8682727
8682728
8682729
8682730
8682731
8682732
8682733
8682734
8682735
8682736
8682737
8682738
8682739
8682740
8682741
8682742
8682743
8682744
8682745
8682746
8682747
8682748
8682749
8682750
8682751
8682752
8682753
8682754
8682755
8682756
8682757
8682758
8682759
8682760
8682761
8682762
8682763
8682764
8682765
8682766
8682767
8682768
8682769
8682770
8682771
8682772
8682773
8682774
8682775
8682776
8682777
8682778
8682779
8682780
8682781
8682782
8682783
8682784
8682785
8682786
8682787
8682788
8682789
8682790
8682791
8682792
8682793
8682794
8682795
8682796
8682797
8682798
8938699
8938700
8938701
8938702
8938703
8938704
8938705
8938706
8938707
8938708
8938709
8938710
8938711
8938712
8938713
8938714
8938715
8938716
8938717
8938718
8938719
8938720
8938721
8938722
8938723
8938724
8938725
8938726
8938727
8938728
8938729
8938730
8938731
8938732
8938733
8938734
8938735
8938736
8938737
8938738
8938739
8938740
8938741
8938742
8938743
8938744
8938745
8938746
8938747
8938748
8938749
8938750
8938751
8938752
8938753
8938754
8938755
8938756
8938757
8938758
8938759
8938760
8938761
8938762
8938763
8938764
8938765
8938766
8938767
8938768
8938769
8938770
8938771
8938772
8938773
8938774
8938775
8938776
8938777
8938778
8938779
8938780
8938781
8938782
8938783
8938784
8938785
8938786
8938787
8938788
8938789
8938790
8938791
8938792
8938793
8938794
8938795
8938796
8938797
8938798
9194699
9194700
9194701
9194702
9194703
9194704
9194705
9194706
9194707
9194708
9194709
9194710
9194711
9194712
9194713
9194714
9194715
9194716
9194717
9194718
9194719
9194720
9194721
9194722
9194723
9194724
9194725
9194726
9194727
9194728
9194729
9194730
9194731
9194732
9194733
9194734
9194735
9194736
9194737
9194738
9194739
9194740
9194741
9194742
9194743
9194744
9194745
9194746
9194747
9194748
9194749
9194750
9194751
9194752
9194753
9194754
9194755
9194756
9194757
9194758
9194759
9194760
9194761
9194762
9194763
9194764
9194765
9194766
9194767
9194768
9194769
9194770
9194771
9194772
9194773
9194774
9194775
9194776
9194777
9194778
9194779
9194780
9194781
9194782
9194783
9194784
9194785
9194786
9194787
9194788
9194789
9194790
9194791
9194792
9194793
9194794
9194795
9194796
9194797
9194798
9450699
9450700
9450701
9450702
9450703
9450704
9450705
9450706
9450707
9450708
9450709
9450710
9450711
9450712
9450713
9450714
9450715
9450716
9450717
9450718
9450719
9450720
9450721
9450722
9450723
9450724
9450725
9450726
9450727
9450728
9450729
9450730
9450731
9450732
9450733
9450734
9450735
9450736
9450737
9450738
9450739
9450740
9450741
9450742
9450743
9450744
9450745
9450746
9450747
9450748
9450749
9450750
9450751
9450752
9450753
9450754
9450755
9450756
9450757
9450758
9450759
9450760
9450761
9450762
9450763
9450764
9450765
9450766
9450767
9450768
9450769
9450770
9450771
9450772
9450773
9450774
9450775
9450776
9450777
9450778
9450779
9450780
9450781
9450782
9450783
9450784
9450785
9450786
9450787
9450788
9450789
9450790
9450791
9450792
9450793
9450794
9450795
9450796
9450797
9450798
9706699
9706700
9706701
9706702
9706703
9706704
9706705
9706706
9706707
9706708
9706709
9706710
9706711
9706712
9706713
9706714
9706715
9706716
9706717
9706718
9706719
9706720
9706721
9706722
9706723
9706724
9706725
9706726
9706727
9706728
9706729
9706730
9706731
9706732
9706733
9706734
9706735
9706736
9706737
9706738
9706739
9706740
9706741
9706742
9706743
9706744
9706745
9706746
9706747
9706748
9706749
9706750
9706751
9706752
9706753
9706754
9706755
9706756
9706757
9706758
9706759
9706760
9706761
9706762
9706763
9706764
9706765
9706766
9706767
9706768
9706769
9706770
9706771
9706772
9706773
9706774
9706775
9706776
9706777
9706778
9706779
9706780
9706781
9706782
9706783
9706784
9706785
9706786
9706787
9706788
9706789
9706790
9706791
9706792
9706793
9706794
9706795
9706796
9706797
9706798
9962699
9962700
9962701
9962702
9962703
9962704
9962705
9962706
9962707
9962708
9962709
9962710
9962711
9962712
9962713
9962714
9962715
9962716
9962717
9962718
9962719
9962720
9962721
9962722
9962723
9962724
9962725
9962726
9962727
9962728
9962729
9962730
9962731
9962732
9962733
9962734
9962735
9962736
9962737
9962738
9962739
9962740
9962741
9962742
9962743
9962744
9962745
9962746
9962747
9962748
9962749
9962750
9962751
9962752
9962753
9962754
9962755
9962756
9962757
9962758
9962759
9962760
9962761
9962762
9962763
9962764
9962765
9962766
9962767
9962768
9962769
9962770
9962771
9962772
9962773
9962774
9962775
9962776
9962777
9962778
9962779
9962780
9962781
9962782
9962783
9962784
9962785
9962786
9962787
9962788
9962789
9962790
9962791
9962792
9962793
9962794
9962795
9962796
9962797
9962798
10218699
10218700
10218701
10218702
10218703
10218704
10218705
10218706
10218707
10218708
10218709
10218710
10218711
10218712
10218713
10218714
10218715
10218716
10218717
10218718
10218719
10218720
10218721
10218722
10218723
10218724
10218725
10218726
10218727
10218728
10218729
10218730
10218731
10218732
10218733
10218734
10218735
10218736
10218737
10218738
10218739
10218740
10218741
10218742
10218743
10218744
10218745
10218746
10218747
10218748
10218749
10218750
10218751
10218752
10218753
10218754
10218755
10218756
10218757
10218758
10218759
10218760
10218761
10218762
10218763
10218764
10218765
10218766
10218767
10218768
10218769
10218770
10218771
10218772
10218773
10218774
10218775
10218776
10218777
10218778
10218779
10218780
10218781
10218782
10218783
10218784
10218785
10218786
10218787
10218788
10218789
10218790
10218791
10218792
10218793
10218794
10218795
10218796
10218797
10218798
10474699
10474700
10474701
10474702
10474703
10474704
10474705
10474706
10474707
10474708
10474709
10474710
10474711
10474712
10474713
10474714
10474715
10474716
10474717
10474718
10474719
10474720
10474721
10474722
10474723
10474724
10474725
10474726
10474727
10474728
10474729
10474730
10474731
10474732
10474733
10474734
10474735
10474736
10474737
10474738
10474739
10474740
10474741
10474742
10474743
10474744
10474745
10474746
10474747
10474748
10474749
10474750
10474751
10474752
10474753
10474754
10474755
10474756
10474757
10474758
10474759
10474760
10474761
10474762
10474763
10474764
10474765
10474766
10474767
10474768
10474769
10474770
10474771
10474772
10474773
10474774
10474775
10474776
10474777
10474778
10474779
10474780
10474781
10474782
10474783
10474784
10474785
10474786
10474787
10474788
10474789
10474790
10474791
10474792
10474793
10474794
10474795
10474796
10474797
10474798
10730699
10730700
10730701
10730702
10730703
10730704
10730705
10730706
10730707
10730708
10730709
10730710
10730711
10730712
10730713
10730714
10730715
10730716
10730717
10730718
10730719
10730720
10730721
10730722
10730723
10730724
10730725
10730726
10730727
10730728
10730729
10730730
10730731
10730732
10730733
10730734
10730735
10730736
10730737
10730738
10730739
10730740
10730741
10730742
10730743
10730744
10730745
10730746
10730747
10730748
10730749
10730750
10730751
10730752
10730753
10730754
10730755
10730756
10730757
10730758
10730759
10730760
10730761
10730762
10730763
10730764
10730765
10730766
10730767
10730768
10730769
10730770
10730771
10730772
10730773
10730774
10730775
10730776
10730777
10730778
10730779
10730780
10730781
10730782
10730783
10730784
10730785
10730786
10730787
10730788
10730789
10730790
10730791
10730792
10730793
10730794
10730795
10730796
10730797
10730798
10986699
10986700
10986701
10986702
10986703
10986704
10986705
10986706
10986707
10986708
10986709
10986710
10986711
10986712
10986713
10986714
10986715
10986716
10986717
10986718
10986719
10986720
10986721
10986722
10986723
10986724
10986725
10986726
10986727
10986728
10986729
10986730
10986731
10986732
10986733
10986734
10986735
10986736
10986737
10986738
10986739
10986740
10986741
10986742
10986743
10986744
10986745
10986746
10986747
10986748
10986749
10986750
10986751
10986752
10986753
10986754
10986755
10986756
10986757
10986758
10986759
10986760
10986761
10986762
10986763
10986764
10986765
10986766
10986767
10986768
10986769
10986770
10986771
10986772
10986773
10986774
10986775
10986776
10986777
10986778
10986779
10986780
10986781
10986782
10986783
10986784
10986785
10986786
10986787
10986788
10986789
10986790
10986791
10986792
10986793
10986794
10986795
10986796
10986797
10986798
11242699
11242700
11242701
11242702
11242703
11242704
11242705
11242706
11242707
11242708
11242709
11242710
11242711
11242712
11242713
11242714
11242715
11242716
11242717
11242718
11242719
11242720
11242721
11242722
11242723
11242724
11242725
11242726
11242727
11242728
11242729
11242730
11242731
11242732
11242733
11242734
11242735
11242736
11242737
11242738
11242739
11242740
11242741
11242742
11242743
11242744
11242745
11242746
11242747
11242748
11242749
11242750
11242751
11242752
11242753
11242754
11242755
11242756
11242757
11242758
11242759
11242760
11242761
11242762
11242763
11242764
11242765
11242766
11242767
11242768
11242769
11242770
11242771
11242772
11242773
11242774
11242775
11242776
11242777
11242778
11242779
11242780
11242781
11242782
11242783
11242784
11242785
11242786
11242787
11242788
11242789
11242790
11242791
11242792
11242793
11242794
11242795
11242796
11242797
11242798
11498699
11498700
11498701
11498702
11498703
11498704
11498705
11498706
11498707
11498708
11498709
11498710
11498711
11498712
11498713
11498714
11498715
11498716
11498717
11498718
11498719
11498720
11498721
11498722
11498723
11498724
11498725
11498726
11498727
11498728
11498729
11498730
11498731
11498732
11498733
11498734
11498735
11498736
11498737
11498738
11498739
11498740
11498741
11498742
11498743
11498744
11498745
11498746
11498747
11498748
11498749
11498750
11498751
11498752
11498753
11498754
11498755
11498756
11498757
11498758
11498759
11498760
11498761
11498762
11498763
11498764
11498765
11498766
11498767
11498768
11498769
11498770
11498771
11498772
11498773
11498774
11498775
11498776
11498777
11498778
11498779
11498780
11498781
11498782
11498783
11498784
11498785
11498786
11498787
11498788
11498789
11498790
11498791
11498792
11498793
11498794
11498795
11498796
11498797
11498798
11754699
11754700
11754701
11754702
11754703
11754704
11754705
11754706
11754707
11754708
11754709
11754710
11754711
11754712
11754713
11754714
11754715
11754716
11754717
11754718
11754719
11754720
11754721
11754722
11754723
11754724
11754725
11754726
11754727
11754728
11754729
11754730
11754731
11754732
11754733
11754734
11754735
11754736
11754737
11754738
11754739
11754740
11754741
11754742
11754743
11754744
11754745
11754746
11754747
11754748
11754749
11754750
11754751
11754752
11754753
11754754
11754755
11754756
11754757
11754758
11754759
11754760
11754761
11754762
11754763
11754764
11754765
11754766
11754767
11754768
11754769
11754770
11754771
11754772
11754773
11754774
11754775
11754776
11754777
11754778
11754779
11754780
11754781
11754782
11754783
11754784
11754785
11754786
11754787
11754788
11754789
11754790
11754791
11754792
11754793
11754794
11754795
11754796
11754797
11754798
12010699
12010700
12010701
12010702
12010703
12010704
12010705
12010706
12010707
12010708
12010709
12010710
12010711
12010712
12010713
12010714
12010715
12010716
12010717
12010718
12010719
12010720
12010721
12010722
12010723
12010724
12010725
12010726
12010727
12010728
12010729
12010730
12010731
12010732
12010733
12010734
12010735
12010736
12010737
12010738
12010739
12010740
12010741
12010742
12010743
12010744
12010745
12010746
12010747
12010748
12010749
12010750
12010751
12010752
12010753
12010754
12010755
12010756
12010757
12010758
12010759
12010760
12010761
12010762
12010763
12010764
12010765
12010766
12010767
12010768
12010769
12010770
12010771
12010772
12010773
12010774
12010775
12010776
12010777
12010778
12010779
12010780
12010781
12010782
12010783
12010784
12010785
12010786
12010787
12010788
12010789
12010790
12010791
12010792
12010793
12010794
12010795
12010796
12010797
12010798
12266699
12266700
12266701
12266702
12266703
12266704
12266705
12266706
12266707
12266708
12266709
12266710
12266711
12266712
12266713
12266714
12266715
12266716
12266717
12266718
12266719
12266720
12266721
12266722
12266723
12266724
12266725
12266726
12266727
12266728
12266729
12266730
12266731
12266732
12266733
12266734
12266735
12266736
12266737
12266738
12266739
12266740
12266741
12266742
12266743
12266744
12266745
12266746
12266747
12266748
12266749
12266750
12266751
12266752
12266753
12266754
12266755
12266756
12266757
12266758
12266759
12266760
12266761
12266762
12266763
12266764
12266765
12266766
12266767
12266768
12266769
12266770
12266771
12266772
12266773
12266774
12266775
12266776
12266777
12266778
12266779
12266780
12266781
12266782
12266783
12266784
12266785
12266786
12266787
12266788
12266789
12266790
12266791
12266792
12266793
12266794
12266795
12266796
12266797
12266798
12522699
12522700
12522701
12522702
12522703
12522704
12522705
12522706
12522707
12522708
12522709
12522710
12522711
12522712
12522713
12522714
12522715
12522716
12522717
12522718
12522719
12522720
12522721
12522722
12522723
12522724
12522725
12522726
12522727
12522728
12522729
12522730
12522731
12522732
12522733
12522734
12522735
12522736
12522737
12522738
12522739
12522740
12522741
12522742
12522743
12522744
12522745
12522746
12522747
12522748
12522749
12522750
12522751
12522752
12522753
12522754
12522755
12522756
12522757
12522758
12522759
12522760
12522761
12522762
12522763
12522764
12522765
12522766
12522767
12522768
12522769
12522770
12522771
12522772
12522773
12522774
12522775
12522776
12522777
12522778
12522779
12522780
12522781
12522782
12522783
12522784
12522785
12522786
12522787
12522788
12522789
12522790
12522791
12522792
12522793
12522794
12522795
12522796
12522797
12522798
12778699
12778700
12778701
12778702
12778703
12778704
12778705
12778706
12778707
12778708
12778709
12778710
12778711
12778712
12778713
12778714
12778715
12778716
12778717
12778718
12778719
12778720
12778721
12778722
12778723
12778724
12778725
12778726
12778727
12778728
12778729
12778730
12778731
12778732
12778733
12778734
12778735
12778736
12778737
12778738
12778739
12778740
12778741
12778742
12778743
12778744
12778745
12778746
12778747
12778748
12778749
12778750
12778751
12778752
12778753
12778754
12778755
12778756
12778757
12778758
12778759
12778760
12778761
12778762
12778763
12778764
12778765
12778766
12778767
12778768
12778769
12778770
12778771
12778772
12778773
12778774
12778775
12778776
12778777
12778778
12778779
12778780
12778781
12778782
12778783
12778784
12778785
12778786
12778787
12778788
12778789
12778790
12778791
12778792
12778793
12778794
12778795
12778796
12778797
12778798
13034699
13034700
13034701
13034702
13034703
13034704
13034705
13034706
13034707
13034708
13034709
13034710
13034711
13034712
13034713
13034714
13034715
13034716
13034717
13034718
13034719
13034720
13034721
13034722
13034723
13034724
13034725
13034726
13034727
13034728
13034729
13034730
13034731
13034732
13034733
13034734
13034735
13034736
13034737
13034738
13034739
13034740
13034741
13034742
13034743
13034744
13034745
13034746
13034747
13034748
13034749
13034750
13034751
13034752
13034753
13034754
13034755
13034756
13034757
13034758
13034759
13034760
13034761
13034762
13034763
13034764
13034765
13034766
13034767
13034768
13034769
13034770
13034771
13034772
13034773
13034774
13034775
13034776
13034777
13034778
13034779
13034780
13034781
13034782
13034783
13034784
13034785
13034786
13034787
13034788
13034789
13034790
13034791
13034792
13034793
13034794
13034795
13034796
13034797
13034798
13290699
13290700
13290701
13290702
13290703
13290704
13290705
13290706
13290707
13290708
13290709
13290710
13290711
13290712
13290713
13290714
13290715
13290716
13290717
13290718
13290719
13290720
13290721
13290722
13290723
13290724
13290725
13290726
13290727
13290728
13290729
13290730
13290731
13290732
13290733
13290734
13290735
13290736
13290737
13290738
13290739
13290740
13290741
13290742
13290743
13290744
13290745
13290746
13290747
13290748
13290749
13290750
13290751
13290752
13290753
13290754
13290755
13290756
13290757
13290758
13290759
13290760
13290761
13290762
13290763
13290764
13290765
13290766
13290767
13290768
13290769
13290770
13290771
13290772
13290773
13290774
13290775
13290776
13290777
13290778
13290779
13290780
13290781
13290782
13290783
13290784
13290785
13290786
13290787
13290788
13290789
13290790
13290791
13290792
13290793
13290794
13290795
13290796
13290797
13290798
13546699
13546700
13546701
13546702
13546703
13546704
13546705
13546706
13546707
13546708
13546709
13546710
13546711
13546712
13546713
13546714
13546715
13546716
13546717
13546718
13546719
13546720
13546721
13546722
13546723
13546724
13546725
13546726
13546727
13546728
13546729
13546730
13546731
13546732
13546733
13546734
13546735
13546736
13546737
13546738
13546739
13546740
13546741
13546742
13546743
13546744
13546745
13546746
13546747
13546748
13546749
13546750
13546751
13546752
13546753
13546754
13546755
13546756
13546757
13546758
13546759
13546760
13546761
13546762
13546763
13546764
13546765
13546766
13546767
13546768
13546769
13546770
13546771
13546772
13546773
13546774
13546775
13546776
13546777
13546778
13546779
13546780
13546781
13546782
13546783
13546784
13546785
13546786
13546787
13546788
13546789
13546790
13546791
13546792
13546793
13546794
13546795
13546796
13546797
13546798
13802699
13802700
13802701
13802702
13802703
13802704
13802705
13802706
13802707
13802708
13802709
13802710
13802711
13802712
13802713
13802714
13802715
13802716
13802717
13802718
13802719
13802720
13802721
13802722
13802723
13802724
13802725
13802726
13802727
13802728
13802729
13802730
13802731
13802732
13802733
13802734
13802735
13802736
13802737
13802738
13802739
13802740
13802741
13802742
13802743
13802744
13802745
13802746
13802747
13802748
13802749
13802750
13802751
13802752
13802753
13802754
13802755
13802756
13802757
13802758
13802759
13802760
13802761
13802762
13802763
13802764
13802765
13802766
13802767
13802768
13802769
13802770
13802771
13802772
13802773
13802774
13802775
13802776
13802777
13802778
13802779
13802780
13802781
13802782
13802783
13802784
13802785
13802786
13802787
13802788
13802789
13802790
13802791
13802792
13802793
13802794
13802795
13802796
13802797
13802798
14058699
14058700
14058701
14058702
14058703
14058704
14058705
14058706
14058707
14058708
14058709
14058710
14058711
14058712
14058713
14058714
14058715
14058716
14058717
14058718
14058719
14058720
14058721
14058722
14058723
14058724
14058725
14058726
14058727
14058728
14058729
14058730
14058731
14058732
14058733
14058734
14058735
14058736
14058737
14058738
14058739
14058740
14058741
14058742
14058743
14058744
14058745
14058746
14058747
14058748
14058749
14058750
14058751
14058752
14058753
14058754
14058755
14058756
14058757
14058758
14058759
14058760
14058761
14058762
14058763
14058764
14058765
14058766
14058767
14058768
14058769
14058770
14058771
14058772
14058773
14058774
14058775
14058776
14058777
14058778
14058779
14058780
14058781
14058782
14058783
14058784
14058785
14058786
14058787
14058788
14058789
14058790
14058791
14058792
14058793
14058794
14058795
14058796
14058797
14058798
14314699
14314700
14314701
14314702
14314703
14314704
14314705
14314706
14314707
14314708
14314709
14314710
14314711
14314712
14314713
14314714
14314715
14314716
14314717
14314718
14314719
14314720
14314721
14314722
14314723
14314724
14314725
14314726
14314727
14314728
14314729
14314730
14314731
14314732
14314733
14314734
14314735
14314736
14314737
14314738
14314739
14314740
14314741
14314742
14314743
14314744
14314745
14314746
14314747
14314748
14314749
14314750
14314751
14314752
14314753
14314754
14314755
14314756
14314757
14314758
14314759
14314760
14314761
14314762
14314763
14314764
14314765
14314766
14314767
14314768
14314769
14314770
14314771
14314772
14314773
14314774
14314775
14314776
14314777
14314778
14314779
14314780
14314781
14314782
14314783
14314784
14314785
14314786
14314787
14314788
14314789
14314790
14314791
14314792
14314793
14314794
14314795
14314796
14314797
14314798
14570699
14570700
14570701
14570702
14570703
14570704
14570705
14570706
14570707
14570708
14570709
14570710
14570711
14570712
14570713
14570714
14570715
14570716
14570717
14570718
14570719
14570720
14570721
14570722
14570723
14570724
14570725
14570726
14570727
14570728
14570729
14570730
14570731
14570732
14570733
14570734
14570735
14570736
14570737
14570738
14570739
14570740
14570741
14570742
14570743
14570744
14570745
14570746
14570747
14570748
14570749
14570750
14570751
14570752
14570753
14570754
14570755
14570756
14570757
14570758
14570759
14570760
14570761
14570762
14570763
14570764
14570765
14570766
14570767
14570768
14570769
14570770
14570771
14570772
14570773
14570774
14570775
14570776
14570777
14570778
14570779
14570780
14570781
14570782
14570783
14570784
14570785
14570786
14570787
14570788
14570789
14570790
14570791
14570792
14570793
14570794
14570795
14570796
14570797
14570798
14826699
14826700
14826701
14826702
14826703
14826704
14826705
14826706
14826707
14826708
14826709
14826710
14826711
14826712
14826713
14826714
14826715
14826716
14826717
14826718
14826719
14826720
14826721
14826722
14826723
14826724
14826725
14826726
14826727
14826728
14826729
14826730
14826731
14826732
14826733
14826734
14826735
14826736
14826737
14826738
14826739
14826740
14826741
14826742
14826743
14826744
14826745
14826746
14826747
14826748
14826749
14826750
14826751
14826752
14826753
14826754
14826755
14826756
14826757
14826758
14826759
14826760
14826761
14826762
14826763
14826764
14826765
14826766
14826767
14826768
14826769
14826770
14826771
14826772
14826773
14826774
14826775
14826776
14826777
14826778
14826779
14826780
14826781
14826782
14826783
14826784
14826785
14826786
14826787
14826788
14826789
14826790
14826791
14826792
14826793
14826794
14826795
14826796
14826797
14826798
15082699
15082700
15082701
15082702
15082703
15082704
15082705
15082706
15082707
15082708
15082709
15082710
15082711
15082712
15082713
15082714
15082715
15082716
15082717
15082718
15082719
15082720
15082721
15082722
15082723
15082724
15082725
15082726
15082727
15082728
15082729
15082730
15082731
15082732
15082733
15082734
15082735
15082736
15082737
15082738
15082739
15082740
15082741
15082742
15082743
15082744
15082745
15082746
15082747
15082748
15082749
15082750
15082751
15082752
15082753
15082754
15082755
15082756
15082757
15082758
15082759
15082760
15082761
15082762
15082763
15082764
15082765
15082766
15082767
15082768
15082769
15082770
15082771
15082772
15082773
15082774
15082775
15082776
15082777
15082778
15082779
15082780
15082781
15082782
15082783
15082784
15082785
15082786
15082787
15082788
15082789
15082790
15082791
15082792
15082793
15082794
15082795
15082796
15082797
15082798
15338699
15338700
15338701
15338702
15338703
15338704
15338705
15338706
15338707
15338708
15338709
15338710
15338711
15338712
15338713
15338714
15338715
15338716
15338717
15338718
15338719
15338720
15338721
15338722
15338723
15338724
15338725
15338726
15338727
15338728
15338729
15338730
15338731
15338732
15338733
15338734
15338735
15338736
15338737
15338738
15338739
15338740
15338741
15338742
15338743
15338744
15338745
15338746
15338747
15338748
15338749
15338750
15338751
15338752
15338753
15338754
15338755
15338756
15338757
15338758
15338759
15338760
15338761
15338762
15338763
15338764
15338765
15338766
15338767
15338768
15338769
15338770
15338771
15338772
15338773
15338774
15338775
15338776
15338777
15338778
15338779
15338780
15338781
15338782
15338783
15338784
15338785
15338786
15338787
15338788
15338789
15338790
15338791
15338792
15338793
15338794
15338795
15338796
15338797
15338798
15594699
15594700
15594701
15594702
15594703
15594704
15594705
15594706
15594707
15594708
15594709
15594710
15594711
15594712
15594713
15594714
15594715
15594716
15594717
15594718
15594719
15594720
15594721
15594722
15594723
15594724
15594725
15594726
15594727
15594728
15594729
15594730
15594731
15594732
15594733
15594734
15594735
15594736
15594737
15594738
15594739
15594740
15594741
15594742
15594743
15594744
15594745
15594746
15594747
15594748
15594749
15594750
15594751
15594752
15594753
15594754
15594755
15594756
15594757
15594758
15594759
15594760
15594761
15594762
15594763
15594764
15594765
15594766
15594767
15594768
15594769
15594770
15594771
15594772
15594773
15594774
15594775
15594776
15594777
15594778
15594779
15594780
15594781
15594782
15594783
15594784
15594785
15594786
15594787
15594788
15594789
15594790
15594791
15594792
15594793
15594794
15594795
15594796
15594797
15594798
15850699
15850700
15850701
15850702
15850703
15850704
15850705
15850706
15850707
15850708
15850709
15850710
15850711
15850712
15850713
15850714
15850715
15850716
15850717
15850718
15850719
15850720
15850721
15850722
15850723
15850724
15850725
15850726
15850727
15850728
15850729
15850730
15850731
15850732
15850733
15850734
15850735
15850736
15850737
15850738
15850739
15850740
15850741
15850742
15850743
15850744
15850745
15850746
15850747
15850748
15850749
15850750
15850751
15850752
15850753
15850754
15850755
15850756
15850757
15850758
15850759
15850760
15850761
15850762
15850763
15850764
15850765
15850766
15850767
15850768
15850769
15850770
15850771
15850772
15850773
15850774
15850775
15850776
15850777
15850778
15850779
15850780
15850781
15850782
15850783
15850784
15850785
15850786
15850787
15850788
15850789
15850790
15850791
15850792
15850793
15850794
15850795
15850796
15850797
15850798
16106699
16106700
16106701
16106702
16106703
16106704
16106705
16106706
16106707
16106708
16106709
16106710
16106711
16106712
16106713
16106714
16106715
16106716
16106717
16106718
16106719
16106720
16106721
16106722
16106723
16106724
16106725
16106726
16106727
16106728
16106729
16106730
16106731
16106732
16106733
16106734
16106735
16106736
16106737
16106738
16106739
16106740
16106741
16106742
16106743
16106744
16106745
16106746
16106747
16106748
16106749
16106750
16106751
16106752
16106753
16106754
16106755
16106756
16106757
16106758
16106759
16106760
16106761
16106762
16106763
16106764
16106765
16106766
16106767
16106768
16106769
16106770
16106771
16106772
16106773
16106774
16106775
16106776
16106777
16106778
16106779
16106780
16106781
16106782
16106783
16106784
16106785
16106786
16106787
16106788
16106789
16106790
16106791
16106792
16106793
16106794
16106795
16106796
16106797
16106798
16362699
16362700
16362701
16362702
16362703
16362704
16362705
16362706
16362707
16362708
16362709
16362710
16362711
16362712
16362713
16362714
16362715
16362716
16362717
16362718
16362719
16362720
16362721
16362722
16362723
16362724
16362725
16362726
16362727
16362728
16362729
16362730
16362731
16362732
16362733
16362734
16362735
16362736
16362737
16362738
16362739
16362740
16362741
16362742
16362743
16362744
16362745
16362746
16362747
16362748
16362749
16362750
16362751
16362752
16362753
16362754
16362755
16362756
16362757
16362758
16362759
16362760
16362761
16362762
16362763
16362764
16362765
16362766
16362767
16362768
16362769
16362770
16362771
16362772
16362773
16362774
16362775
16362776
16362777
16362778
16362779
16362780
16362781
16362782
16362783
16362784
16362785
16362786
16362787
16362788
16362789
16362790
16362791
16362792
16362793
16362794
16362795
16362796
16362797
16362798
16618699
16618700
16618701
16618702
16618703
16618704
16618705
16618706
16618707
16618708
16618709
16618710
16618711
16618712
16618713
16618714
16618715
16618716
16618717
16618718
16618719
16618720
16618721
16618722
16618723
16618724
16618725
16618726
16618727
16618728
16618729
16618730
16618731
16618732
16618733
16618734
16618735
16618736
16618737
16618738
16618739
16618740
16618741
16618742
16618743
16618744
16618745
16618746
16618747
16618748
16618749
16618750
16618751
16618752
16618753
16618754
16618755
16618756
16618757
16618758
16618759
16618760
16618761
16618762
16618763
16618764
16618765
16618766
16618767
16618768
16618769
16618770
16618771
16618772
16618773
16618774
16618775
16618776
16618777
16618778
16618779
16618780
16618781
16618782
16618783
16618784
16618785
16618786
16618787
16618788
16618789
16618790
16618791
16618792
16618793
16618794
16618795
16618796
16618797
16618798
16874699
16874700
16874701
16874702
16874703
16874704
16874705
16874706
16874707
16874708
16874709
16874710
16874711
16874712
16874713
16874714
16874715
16874716
16874717
16874718
16874719
16874720
16874721
16874722
16874723
16874724
16874725
16874726
16874727
16874728
16874729
16874730
16874731
16874732
16874733
16874734
16874735
16874736
16874737
16874738
16874739
16874740
16874741
16874742
16874743
16874744
16874745
16874746
16874747
16874748
16874749
16874750
16874751
16874752
16874753
16874754
16874755
16874756
16874757
16874758
16874759
16874760
16874761
16874762
16874763
16874764
16874765
16874766
16874767
16874768
16874769
16874770
16874771
16874772
16874773
16874774
16874775
16874776
16874777
16874778
16874779
16874780
16874781
16874782
16874783
16874784
16874785
16874786
16874787
16874788
16874789
16874790
16874791
16874792
16874793
16874794
16874795
16874796
16874797
16874798
17130699
17130700
17130701
17130702
17130703
17130704
17130705
17130706
17130707
17130708
17130709
17130710
17130711
17130712
17130713
17130714
17130715
17130716
17130717
17130718
17130719
17130720
17130721
17130722
17130723
17130724
17130725
17130726
17130727
17130728
17130729
17130730
17130731
17130732
17130733
17130734
17130735
17130736
17130737
17130738
17130739
17130740
17130741
17130742
17130743
17130744
17130745
17130746
17130747
17130748
17130749
17130750
17130751
17130752
17130753
17130754
17130755
17130756
17130757
17130758
17130759
17130760
17130761
17130762
17130763
17130764
17130765
17130766
17130767
17130768
17130769
17130770
17130771
17130772
17130773
17130774
17130775
17130776
17130777
17130778
17130779
17130780
17130781
17130782
17130783
17130784
17130785
17130786
17130787
17130788
17130789
17130790
17130791
17130792
17130793
17130794
17130795
17130796
17130797
17130798
17386699
17386700
17386701
17386702
17386703
17386704
17386705
17386706
17386707
17386708
17386709
17386710
17386711
17386712
17386713
17386714
17386715
17386716
17386717
17386718
17386719
17386720
17386721
17386722
17386723
17386724
17386725
17386726
17386727
17386728
17386729
17386730
17386731
17386732
17386733
17386734
17386735
17386736
17386737
17386738
17386739
17386740
17386741
17386742
17386743
17386744
17386745
17386746
17386747
17386748
17386749
17386750
17386751
17386752
17386753
17386754
17386755
17386756
17386757
17386758
17386759
17386760
17386761
17386762
17386763
17386764
17386765
17386766
17386767
17386768
17386769
17386770
17386771
17386772
17386773
17386774
17386775
17386776
17386777
17386778
17386779
17386780
17386781
17386782
17386783
17386784
17386785
17386786
17386787
17386788
17386789
17386790
17386791
17386792
17386793
17386794
17386795
17386796
17386797
17386798
17642699
17642700
17642701
17642702
17642703
17642704
17642705
17642706
17642707
17642708
17642709
17642710
17642711
17642712
17642713
17642714
17642715
17642716
17642717
17642718
17642719
17642720
17642721
17642722
17642723
17642724
17642725
17642726
17642727
17642728
17642729
17642730
17642731
17642732
17642733
17642734
17642735
17642736
17642737
17642738
17642739
17642740
17642741
17642742
17642743
17642744
17642745
17642746
17642747
17642748
17642749
17642750
17642751
17642752
17642753
17642754
17642755
17642756
17642757
17642758
17642759
17642760
17642761
17642762
17642763
17642764
17642765
17642766
17642767
17642768
17642769
17642770
17642771
17642772
17642773
17642774
17642775
17642776
17642777
17642778
17642779
17642780
17642781
17642782
17642783
17642784
17642785
17642786
17642787
17642788
17642789
17642790
17642791
17642792
17642793
17642794
17642795
17642796
17642797
17642798
17898699
17898700
17898701
17898702
17898703
17898704
17898705
17898706
17898707
17898708
17898709
17898710
17898711
17898712
17898713
17898714
17898715
17898716
17898717
17898718
17898719
17898720
17898721
17898722
17898723
17898724
17898725
17898726
17898727
17898728
17898729
17898730
17898731
17898732
17898733
17898734
17898735
17898736
17898737
17898738
17898739
17898740
17898741
17898742
17898743
17898744
17898745
17898746
17898747
17898748
17898749
17898750
17898751
17898752
17898753
17898754
17898755
17898756
17898757
17898758
17898759
17898760
17898761
17898762
17898763
17898764
17898765
17898766
17898767
17898768
17898769
17898770
17898771
17898772
17898773
17898774
17898775
17898776
17898777
17898778
17898779
17898780
17898781
17898782
17898783
17898784
17898785
17898786
17898787
17898788
17898789
17898790
17898791
17898792
17898793
17898794
17898795
17898796
17898797
17898798
18154699
18154700
18154701
18154702
18154703
18154704
18154705
18154706
18154707
18154708
18154709
18154710
18154711
18154712
18154713
18154714
18154715
18154716
18154717
18154718
18154719
18154720
18154721
18154722
18154723
18154724
18154725
18154726
18154727
18154728
18154729
18154730
18154731
18154732
18154733
18154734
18154735
18154736
18154737
18154738
18154739
18154740
18154741
18154742
18154743
18154744
18154745
18154746
18154747
18154748
18154749
18154750
18154751
18154752
18154753
18154754
18154755
18154756
18154757
18154758
18154759
18154760
18154761
18154762
18154763
18154764
18154765
18154766
18154767
18154768
18154769
18154770
18154771
18154772
18154773
18154774
18154775
18154776
18154777
18154778
18154779
18154780
18154781
18154782
18154783
18154784
18154785
18154786
18154787
18154788
18154789
18154790
18154791
18154792
18154793
18154794
18154795
18154796
18154797
18154798
18410699
18410700
18410701
18410702
18410703
18410704
18410705
18410706
18410707
18410708
18410709
18410710
18410711
18410712
18410713
18410714
18410715
18410716
18410717
18410718
18410719
18410720
18410721
18410722
18410723
18410724
18410725
18410726
18410727
18410728
18410729
18410730
18410731
18410732
18410733
18410734
18410735
18410736
18410737
18410738
18410739
18410740
18410741
18410742
18410743
18410744
18410745
18410746
18410747
18410748
18410749
18410750
18410751
18410752
18410753
18410754
18410755
18410756
18410757
18410758
18410759
18410760
18410761
18410762
18410763
18410764
18410765
18410766
18410767
18410768
18410769
18410770
18410771
18410772
18410773
18410774
18410775
18410776
18410777
18410778
18410779
18410780
18410781
18410782
18410783
18410784
18410785
18410786
18410787
18410788
18410789
18410790
18410791
18410792
18410793
18410794
18410795
18410796
18410797
18410798
18666699
18666700
18666701
18666702
18666703
18666704
18666705
18666706
18666707
18666708
18666709
18666710
18666711
18666712
18666713
18666714
18666715
18666716
18666717
18666718
18666719
18666720
18666721
18666722
18666723
18666724
18666725
18666726
18666727
18666728
18666729
18666730
18666731
18666732
18666733
18666734
18666735
18666736
18666737
18666738
18666739
18666740
18666741
18666742
18666743
18666744
18666745
18666746
18666747
18666748
18666749
18666750
18666751
18666752
18666753
18666754
18666755
18666756
18666757
18666758
18666759
18666760
18666761
18666762
18666763
18666764
18666765
18666766
18666767
18666768
18666769
18666770
18666771
18666772
18666773
18666774
18666775
18666776
18666777
18666778
18666779
18666780
18666781
18666782
18666783
18666784
18666785
18666786
18666787
18666788
18666789
18666790
18666791
18666792
18666793
18666794
18666795
18666796
18666797
18666798
18922699
18922700
18922701
18922702
18922703
18922704
18922705
18922706
18922707
18922708
18922709
18922710
18922711
18922712
18922713
18922714
18922715
18922716
18922717
18922718
18922719
18922720
18922721
18922722
18922723
18922724
18922725
18922726
18922727
18922728
18922729
18922730
18922731
18922732
18922733
18922734
18922735
18922736
18922737
18922738
18922739
18922740
18922741
18922742
18922743
18922744
18922745
18922746
18922747
18922748
18922749
18922750
18922751
18922752
18922753
18922754
18922755
18922756
18922757
18922758
18922759
18922760
18922761
18922762
18922763
18922764
18922765
18922766
18922767
18922768
18922769
18922770
18922771
18922772
18922773
18922774
18922775
18922776
18922777
18922778
18922779
18922780
18922781
18922782
18922783
18922784
18922785
18922786
18922787
18922788
18922789
18922790
18922791
18922792
18922793
18922794
18922795
18922796
18922797
18922798
19178699
19178700
19178701
19178702
19178703
19178704
19178705
19178706
19178707
19178708
19178709
19178710
19178711
19178712
19178713
19178714
19178715
19178716
19178717
19178718
19178719
19178720
19178721
19178722
19178723
19178724
19178725
19178726
19178727
19178728
19178729
19178730
19178731
19178732
19178733
19178734
19178735
19178736
19178737
19178738
19178739
19178740
19178741
19178742
19178743
19178744
19178745
19178746
19178747
19178748
19178749
19178750
19178751
19178752
19178753
19178754
19178755
19178756
19178757
19178758
19178759
19178760
19178761
19178762
19178763
19178764
19178765
19178766
19178767
19178768
19178769
19178770
19178771
19178772
19178773
19178774
19178775
19178776
19178777
19178778
19178779
19178780
19178781
19178782
19178783
19178784
19178785
19178786
19178787
19178788
19178789
19178790
19178791
19178792
19178793
19178794
19178795
19178796
19178797
19178798
19434699
19434700
19434701
19434702
19434703
19434704
19434705
19434706
19434707
19434708
19434709
19434710
19434711
19434712
19434713
19434714
19434715
19434716
19434717
19434718
19434719
19434720
19434721
19434722
19434723
19434724
19434725
19434726
19434727
19434728
19434729
19434730
19434731
19434732
19434733
19434734
19434735
19434736
19434737
19434738
19434739
19434740
19434741
19434742
19434743
19434744
19434745
19434746
19434747
19434748
19434749
19434750
19434751
19434752
19434753
19434754
19434755
19434756
19434757
19434758
19434759
19434760
19434761
19434762
19434763
19434764
19434765
19434766
19434767
19434768
19434769
19434770
19434771
19434772
19434773
19434774
19434775
19434776
19434777
19434778
19434779
19434780
19434781
19434782
19434783
19434784
19434785
19434786
19434787
19434788
19434789
19434790
19434791
19434792
19434793
19434794
19434795
19434796
19434797
19434798
19690699
19690700
19690701
19690702
19690703
19690704
19690705
19690706
19690707
19690708
19690709
19690710
19690711
19690712
19690713
19690714
19690715
19690716
19690717
19690718
19690719
19946699
19946700
19946701
19946702
19946703
19946704
19946705
19946706
19946707
19946708
19946709
19946710
19946711
19946712
19946713
19946714
19946715
19946716
19946717
19946718
19946719
19946720
19946721
19946722
19946723
19946724
19946725
19946726
19946727
19946728
19946729
19946730
19946731
19946732
19946733
19946734
19946735
19946736
19946737
19946738
19946739
19946740
19946741
19946742
19946743
19946744
19946745
19946746
19946747
19946748
19946749
19946750
19946751
19946752
19946753
19946754
19946755
19946756
19946757
19946758
19946759
19946760
19946761
19946762
19946763
19946764
19946765
19946766
19946767
19946768
19946769
19946770
19946771
19946772
19946773
19946774
19946775
19946776
19946777
19946778
19946779
19946780
19946781
19946782
19946783
19946784
19946785
19946786
19946787
19946788
19946789
19946790
19946791
19946792
19946793
19946794
19946795
19946796
19946797
19946798
20202699
20202700
20202701
20202702
20202703
20202704
20202705
20202706
20202707
20202708
20202709
20202710
20202711
20202712
20202713
20202714
20202715
20202716
20202717
20202718
20202719
20202720
20202721
20202722
20202723
20202724
20202725
20202726
20202727
20202728
20202729
20202730
20202731
20202732
20202733
20202734
20202735
20202736
20202737
20202738
20202739
20202740
20202741
20202742
20202743
20202744
20202745
20202746
20202747
20202748
20202749
20202750
20202751
20202752
20202753
20202754
20202755
20202756
20202757
20202758
20202759
20202760
20202761
20202762
20202763
20202764
20202765
20202766
20202767
20202768
20202769
20202770
20202771
20202772
20202773
20202774
20202775
20202776
20202777
20202778
20202779
20202780
20202781
20202782
20202783
20202784
20202785
20202786
20202787
20202788
20202789
20202790
20202791
20202792
20202793
20202794
20202795
20202796
20202797
20202798
20458699
20458700
20458701
20458702
20458703
20458704
20458705
20458706
20458707
20458708
20458709
20458710
20458711
20458712
20458713
20458714
20458715
20458716
20458717
20458718
20458719
20458720
20458721
20458722
20458723
20458724
20458725
20458726
20458727
20458728
20458729
20458730
20458731
20458732
20458733
20458734
20458735
20458736
20458737
20458738
20458739
20458740
20458741
20458742
20458743
20458744
20458745
20458746
20458747
20458748
20458749
20458750
20458751
20458752
20458753
20458754
20458755
20458756
20458757
20458758
20458759
20458760
20458761
20458762
20458763
20458764
20458765
20458766
20458767
20458768
20458769
20458770
20458771
20458772
20458773
20458774
20458775
20458776
20458777
20458778
20458779
20458780
20458781
20458782
20458783
20458784
20458785
20458786
20458787
20458788
20458789
20458790
20458791
20458792
20458793
20458794
20458795
20458796
20458797
20458798
20714699
20714700
20714701
20714702
20714703
20714704
20714705
20714706
20714707
20714708
20714709
20714710
20714711
20714712
20714713
20714714
20714715
20714716
20714717
20714718
20714719
20714720
20714721
20714722
20714723
20714724
20714725
20714726
20714727
20714728
20714729
20714730
20714731
20714732
20714733
20714734
20714735
20714736
20714737
20714738
20714739
20714740
20714741
20714742
20714743
20714744
20714745
20714746
20714747
20714748
20714749
20714750
20714751
20714752
20714753
20714754
20714755
20714756
20714757
20714758
20714759
20714760
20714761
20714762
20714763
20714764
20714765
20714766
20714767
20714768
20714769
20714770
20714771
20714772
20714773
20714774
20714775
20714776
20714777
20714778
20714779
20714780
20714781
20714782
20714783
20714784
20714785
20714786
20714787
20714788
20714789
20714790
20714791
20714792
20714793
20714794
20714795
20714796
20714797
20714798
20970699
20970700
20970701
20970702
20970703
20970704
20970705
20970706
20970707
20970708
20970709
20970710
20970711
20970712
20970713
20970714
20970715
20970716
20970717
20970718
20970719
20970720
20970721
20970722
20970723
20970724
20970725
20970726
20970727
20970728
20970729
20970730
20970731
20970732
20970733
20970734
20970735
20970736
20970737
20970738
20970739
20970740
20970741
20970742
20970743
20970744
20970745
20970746
20970747
20970748
20970749
20970750
20970751
20970752
20970753
20970754
20970755
20970756
20970757
20970758
20970759
20970760
20970761
20970762
20970763
20970764
20970765
20970766
20970767
20970768
20970769
20970770
20970771
20970772
20970773
20970774
20970775
20970776
20970777
20970778
20970779
20970780
20970781
20970782
20970783
20970784
20970785
20970786
20970787
20970788
20970789
20970790
20970791
20970792
20970793
20970794
20970795
20970796
20970797
20970798
21226699
21226700
21226701
21226702
21226703
21226704
21226705
21226706
21226707
21226708
21226709
21226710
21226711
21226712
21226713
21226714
21226715
21226716
21226717
21226718
21226719
21226720
21226721
21226722
21226723
21226724
21226725
21226726
21226727
21226728
21226729
21226730
21226731
21226732
21226733
21226734
21226735
21226736
21226737
21226738
21226739
21226740
21226741
21226742
21226743
21226744
21226745
21226746
21226747
21226748
21226749
21226750
21226751
21226752
21226753
21226754
21226755
21226756
21226757
21226758
21226759
21226760
21226761
21226762
21226763
21226764
21226765
21226766
21226767
21226768
21226769
21226770
21226771
21226772
21226773
21226774
21226775
21226776
21226777
21226778
21226779
21226780
21226781
21226782
21226783
21226784
21226785
21226786
21226787
21226788
21226789
21226790
21226791
21226792
21226793
21226794
21226795
21226796
21226797
21226798
21482699
21482700
21482701
21482702
21482703
21482704
21482705
21482706
21482707
21482708
21482709
21482710
21482711
21482712
21482713
21482714
21482715
21482716
21482717
21482718
21482719
21482720
21482721
21482722
21482723
21482724
21482725
21482726
21482727
21482728
21482729
21482730
21482731
21482732
21482733
21482734
21482735
21482736
21482737
21482738
21482739
21482740
21482741
21482742
21482743
21482744
21482745
21482746
21482747
21482748
21482749
21482750
21482751
21482752
21482753
21482754
21482755
21482756
21482757
21482758
21482759
21482760
21482761
21482762
21482763
21482764
21482765
21482766
21482767
21482768
21482769
21482770
21482771
21482772
21482773
21482774
21482775
21482776
21482777
21482778
21482779
21482780
21482781
21482782
21482783
21482784
21482785
21482786
21482787
21482788
21482789
21482790
21482791
21482792
21482793
21482794
21482795
21482796
21482797
21482798
21738699
21738700
21738701
21738702
21738703
21738704
21738705
21738706
21738707
21738708
21738709
21738710
21738711
21738712
21738713
21738714
21738715
21738716
21738717
21738718
21738719
21738720
21738721
21738722
21738723
21738724
21738725
21738726
21738727
21738728
21738729
21738730
21738731
21738732
21738733
21738734
21738735
21738736
21738737
21738738
21738739
21738740
21738741
21738742
21738743
21738744
21738745
21738746
21738747
21738748
21738749
21738750
21738751
21738752
21738753
21738754
21738755
21738756
21738757
21738758
21738759
21738760
21738761
21738762
21738763
21738764
21738765
21738766
21738767
21738768
21738769
21738770
21738771
21738772
21738773
21738774
21738775
21738776
21738777
21738778
21738779
21738780
21738781
21738782
21738783
21738784
21738785
21738786
21738787
21738788
21738789
21738790
21738791
21738792
21738793
21738794
21738795
21738796
21738797
21738798
21994699
21994700
21994701
21994702
21994703
21994704
21994705
21994706
21994707
21994708
21994709
21994710
21994711
21994712
21994713
21994714
21994715
21994716
21994717
21994718
21994719
21994720
21994721
21994722
21994723
21994724
21994725
21994726
21994727
21994728
21994729
21994730
21994731
21994732
21994733
21994734
21994735
21994736
21994737
21994738
21994739
21994740
21994741
21994742
21994743
21994744
21994745
21994746
21994747
21994748
21994749
21994750
21994751
21994752
21994753
21994754
21994755
21994756
21994757
21994758
21994759
21994760
21994761
21994762
21994763
21994764
21994765
21994766
21994767
21994768
21994769
21994770
21994771
21994772
21994773
21994774
21994775
21994776
21994777
21994778
21994779
21994780
21994781
21994782
21994783
21994784
21994785
21994786
21994787
21994788
21994789
21994790
21994791
21994792
21994793
21994794
21994795
21994796
21994797
21994798
22250699
22250700
22250701
22250702
22250703
22250704
22250705
22250706
22250707
22250708
22250709
22250710
22250711
22250712
22250713
22250714
22250715
22250716
22250717
22250718
22250719
22250720
22250721
22250722
22250723
22250724
22250725
22250726
22250727
22250728
22250729
22250730
22250731
22250732
22250733
22250734
22250735
22250736
22250737
22250738
22250739
22250740
22250741
22250742
22250743
22250744
22250745
22250746
22250747
22250748
22250749
22250750
22250751
22250752
22250753
22250754
22250755
22250756
22250757
22250758
22250759
22250760
22250761
22250762
22250763
22250764
22250765
22250766
22250767
22250768
22250769
22250770
22250771
22250772
22250773
22250774
22250775
22250776
22250777
22250778
22250779
22250780
22250781
22250782
22250783
22250784
22250785
22250786
22250787
22250788
22250789
22250790
22250791
22250792
22250793
22250794
22250795
22250796
22250797
22250798
22506699
22506700
22506701
22506702
22506703
22506704
22506705
22506706
22506707
22506708
22506709
22506710
22506711
22506712
22506713
22506714
22506715
22506716
22506717
22506718
22506719
22506720
22506721
22506722
22506723
22506724
22506725
22506726
22506727
22506728
22506729
22506730
22506731
22506732
22506733
22506734
22506735
22506736
22506737
22506738
22506739
22506740
22506741
22506742
22506743
22506744
22506745
22506746
22506747
22506748
22506749
22506750
22506751
22506752
22506753
22506754
22506755
22506756
22506757
22506758
22506759
22506760
22506761
22506762
22506763
22506764
22506765
22506766
22506767
22506768
22506769
22506770
22506771
22506772
22506773
22506774
22506775
22506776
22506777
22506778
22506779
22506780
22506781
22506782
22506783
22506784
22506785
22506786
22506787
22506788
22506789
22506790
22506791
22506792
22506793
22506794
22506795
22506796
22506797
22506798
22762699
22762700
22762701
22762702
22762703
22762704
22762705
22762706
22762707
22762708
22762709
22762710
22762711
22762712
22762713
22762714
22762715
22762716
22762717
22762718
22762719
22762720
22762721
22762722
22762723
22762724
22762725
22762726
22762727
22762728
22762729
22762730
22762731
22762732
22762733
22762734
22762735
22762736
22762737
22762738
22762739
22762740
22762741
22762742
22762743
22762744
22762745
22762746
22762747
22762748
22762749
22762750
22762751
22762752
22762753
22762754
22762755
22762756
22762757
22762758
22762759
22762760
22762761
22762762
22762763
22762764
22762765
22762766
22762767
22762768
22762769
22762770
22762771
22762772
22762773
22762774
22762775
22762776
22762777
22762778
22762779
22762780
22762781
22762782
22762783
22762784
22762785
22762786
22762787
22762788
22762789
22762790
22762791
22762792
22762793
22762794
22762795
22762796
22762797
22762798
23018699
23018700
23018701
23018702
23018703
23018704
23018705
23018706
23018707
23018708
23018709
23018710
23018711
23018712
23018713
23018714
23018715
23018716
23018717
23018718
23018719
23018720
23018721
23018722
23018723
23018724
23018725
23018726
23018727
23018728
23018729
23018730
23018731
23018732
23018733
23018734
23018735
23018736
23018737
23018738
23018739
23018740
23018741
23018742
23018743
23018744
23018745
23018746
23018747
23018748
23018749
23018750
23018751
23018752
23018753
23018754
23018755
23018756
23018757
23018758
23018759
23018760
23018761
23018762
23018763
23018764
23018765
23018766
23018767
23018768
23018769
23018770
23018771
23018772
23018773
23018774
23018775
23018776
23018777
23018778
23018779
23018780
23018781
23018782
23018783
23018784
23018785
23018786
23018787
23018788
23018789
23018790
23018791
23018792
23018793
23018794
23018795
23018796
23018797
23018798
23274699
23274700
23274701
23274702
23274703
23274704
23274705
23274706
23274707
23274708
23274709
23274710
23274711
23274712
23274713
23274714
23274715
23274716
23274717
23274718
23274719
23274720
23274721
23274722
23274723
23274724
23274725
23274726
23274727
23274728
23274729
23274730
23274731
23274732
23274733
23274734
23274735
23274736
23274737
23274738
23274739
23274740
23274741
23274742
23274743
23274744
23274745
23274746
23274747
23274748
23274749
23274750
23274751
23274752
23274753
23274754
23274755
23274756
23274757
23274758
23274759
23274760
23274761
23274762
23274763
23274764
23274765
23274766
23274767
23274768
23274769
23274770
23274771
23274772
23274773
23274774
23274775
23274776
23274777
23274778
23274779
23274780
23274781
23274782
23274783
23274784
23274785
23274786
23274787
23274788
23274789
23274790
23274791
23274792
23274793
23274794
23274795
23274796
23274797
23274798
23530699
23530700
23530701
23530702
23530703
23530704
23530705
23530706
23530707
23530708
23530709
23530710
23530711
23530712
23530713
23530714
23530715
23530716
23530717
23530718
23530719
23530720
23530721
23530722
23530723
23530724
23530725
23530726
23530727
23530728
23530729
23530730
23530731
23530732
23530733
23530734
23530735
23530736
23530737
23530738
23530739
23530740
23530741
23530742
23530743
23530744
23530745
23530746
23530747
23530748
23530749
23530750
23530751
23530752
23530753
23530754
23530755
23530756
23530757
23530758
23530759
23530760
23530761
23530762
23530763
23530764
23530765
23530766
23530767
23530768
23530769
23530770
23530771
23530772
23530773
23530774
23530775
23530776
23530777
23530778
23530779
23530780
23530781
23530782
23530783
23530784
23530785
23530786
23530787
23530788
23530789
23530790
23530791
23530792
23530793
23530794
23530795
23530796
23530797
23530798
23786699
23786700
23786701
23786702
23786703
23786704
23786705
23786706
23786707
23786708
23786709
23786710
23786711
23786712
23786713
23786714
23786715
23786716
23786717
23786718
23786719
23786720
23786721
23786722
23786723
23786724
23786725
23786726
23786727
23786728
23786729
23786730
23786731
23786732
23786733
23786734
23786735
23786736
23786737
23786738
23786739
23786740
23786741
23786742
23786743
23786744
23786745
23786746
23786747
23786748
23786749
23786750
23786751
23786752
23786753
23786754
23786755
23786756
23786757
23786758
23786759
23786760
23786761
23786762
23786763
23786764
23786765
23786766
23786767
23786768
23786769
23786770
23786771
23786772
23786773
23786774
23786775
23786776
23786777
23786778
23786779
23786780
23786781
23786782
23786783
23786784
23786785
23786786
23786787
23786788
23786789
23786790
23786791
23786792
23786793
23786794
23786795
23786796
23786797
23786798
24042699
24042700
24042701
24042702
24042703
24042704
24042705
24042706
24042707
24042708
24042709
24042710
24042711
24042712
24042713
24042714
24042715
24042716
24042717
24042718
24042719
24042720
24042721
24042722
24042723
24042724
24042725
24042726
24042727
24042728
24042729
24042730
24042731
24042732
24042733
24042734
24042735
24042736
24042737
24042738
24042739
24042740
24042741
24042742
24042743
24042744
24042745
24042746
24042747
24042748
24042749
24042750
24042751
24042752
24042753
24042754
24042755
24042756
24042757
24042758
24042759
24042760
24042761
24042762
24042763
24042764
24042765
24042766
24042767
24042768
24042769
24042770
24042771
24042772
24042773
24042774
24042775
24042776
24042777
24042778
24042779
24042780
24042781
24042782
24042783
24042784
24042785
24042786
24042787
24042788
24042789
24042790
24042791
24042792
24042793
24042794
24042795
24042796
24042797
24042798
24298699
24298700
24298701
24298702
24298703
24298704
24298705
24298706
24298707
24298708
24298709
24298710
24298711
24298712
24298713
24298714
24298715
24298716
24298717
24298718
24298719
24298720
24298721
24298722
24298723
24298724
24298725
24298726
24298727
24298728
24298729
24298730
24298731
24298732
24298733
24298734
24298735
24298736
24298737
24298738
24298739
24298740
24298741
24298742
24298743
24298744
24298745
24298746
24298747
24298748
24298749
24298750
24298751
24298752
24298753
24298754
24298755
24298756
24298757
24298758
24298759
24298760
24298761
24298762
24298763
24298764
24298765
24298766
24298767
24298768
24298769
24298770
24298771
24298772
24298773
24298774
24298775
24298776
24298777
24298778
24298779
24298780
24298781
24298782
24298783
24298784
24298785
24298786
24298787
24298788
24298789
24298790
24298791
24298792
24298793
24298794
24298795
24298796
24298797
24298798
24554699
24554700
24554701
24554702
24554703
24554704
24554705
24554706
24554707
24554708
24554709
24554710
24554711
24554712
24554713
24554714
24554715
24554716
24554717
24554718
24554719
24554720
24554721
24554722
24554723
24554724
24554725
24554726
24554727
24554728
24554729
24554730
24554731
24554732
24554733
24554734
24554735
24554736
24554737
24554738
24554739
24554740
24554741
24554742
24554743
24554744
24554745
24554746
24554747
24554748
24554749
24554750
24554751
24554752
24554753
24554754
24554755
24554756
24554757
24554758
24554759
24554760
24554761
24554762
24554763
24554764
24554765
24554766
24554767
24554768
24554769
24554770
24554771
24554772
24554773
24554774
24554775
24554776
24554777
24554778
24554779
24554780
24554781
24554782
24554783
24554784
24554785
24554786
24554787
24554788
24554789
24554790
24554791
24554792
24554793
24554794
24554795
24554796
24554797
24554798
24810699
24810700
24810701
24810702
24810703
24810704
24810705
24810706
24810707
24810708
24810709
24810710
24810711
24810712
24810713
24810714
24810715
24810716
24810717
24810718
24810719
24810720
24810721
24810722
24810723
24810724
24810725
24810726
24810727
24810728
24810729
24810730
24810731
24810732
24810733
24810734
24810735
24810736
24810737
24810738
24810739
24810740
24810741
24810742
24810743
24810744
24810745
24810746
24810747
24810748
24810749
24810750
24810751
24810752
24810753
24810754
24810755
24810756
24810757
24810758
24810759
24810760
24810761
24810762
24810763
24810764
24810765
24810766
24810767
24810768
24810769
24810770
24810771
24810772
24810773
24810774
24810775
24810776
24810777
24810778
24810779
24810780
24810781
24810782
24810783
24810784
24810785
24810786
24810787
24810788
24810789
24810790
24810791
24810792
24810793
24810794
24810795
24810796
24810797
24810798
25066699
25066700
25066701
25066702
25066703
25066704
25066705
25066706
25066707
25066708
25066709
25066710
25066711
25066712
25066713
25066714
25066715
25066716
25066717
25066718
25066719
25066720
25066721
25066722
25066723
25066724
25066725
25066726
25066727
25066728
25066729
25066730
25066731
25066732
25066733
25066734
25066735
25066736
25066737
25066738
25066739
25066740
25066741
25066742
25066743
25066744
25066745
25066746
25066747
25066748
25066749
25066750
25066751
25066752
25066753
25066754
25066755
25066756
25066757
25066758
25066759
25066760
25066761
25066762
25066763
25066764
25066765
25066766
25066767
25066768
25066769
25066770
25066771
25066772
25066773
25066774
25066775
25066776
25066777
25066778
25066779
25066780
25066781
25066782
25066783
25066784
25066785
25066786
25066787
25066788
25066789
25066790
25066791
25066792
25066793
25066794
25066795
25066796
25066797
25066798
25322699
25322700
25322701
25322702
25322703
25322704
25322705
25322706
25322707
25322708
25322709
25322710
25322711
25322712
25322713
25322714
25322715
25322716
25322717
25322718
25322719
25322720
25322721
25322722
25322723
25322724
25322725
25322726
25322727
25322728
25322729
25322730
25322731
25322732
25322733
25322734
25322735
25322736
25322737
25322738
25322739
25322740
25322741
25322742
25322743
25322744
25322745
25322746
25322747
25322748
25322749
25322750
25322751
25322752
25322753
25322754
25322755
25322756
25322757
25322758
25322759
25322760
25322761
25322762
25322763
25322764
25322765
25322766
25322767
25322768
25322769
25322770
25322771
25322772
25322773
25322774
25322775
25322776
25322777
25322778
25322779
25322780
25322781
25322782
25322783
25322784
25322785
25322786
25322787
25322788
25322789
25322790
25322791
25322792
25322793
25322794
25322795
25322796
25322797
25322798
25578699
25578700
25578701
25578702
25578703
25578704
25578705
25578706
25578707
25578708
25578709
25578710
25578711
25578712
25578713
25578714
25578715
25578716
25578717
25578718
25578719
25578720
25578721
25578722
25578723
25578724
25578725
25578726
25578727
25578728
25578729
25578730
25578731
25578732
25578733
25578734
25578735
25578736
25578737
25578738
25578739
25578740
25578741
25578742
25578743
25578744
25578745
25578746
25578747
25578748
25578749
25578750
25578751
25578752
25578753
25578754
25578755
25578756
25578757
25578758
25578759
25578760
25578761
25578762
25578763
25578764
25578765
25578766
25578767
25578768
25578769
25578770
25578771
25578772
25578773
25578774
25578775
25578776
25578777
25578778
25578779
25578780
25578781
25578782
25578783
25578784
25578785
25578786
25578787
25578788
25578789
25578790
25578791
25578792
25578793
25578794
25578795
25578796
25578797
25578798
